edf_dir,label
chb02/seizure/chb02_16+_1_20097.npy.gz,1
chb02/seizure/chb02_16+_1_8449.npy.gz,1
chb02/seizure/chb02_16_1_5825.npy.gz,1
chb02/nonseizure/chb02_16+_45057.npy.gz,0
chb02/nonseizure/chb02_16+_114177.npy.gz,0
chb02/nonseizure/chb02_16+_71937.npy.gz,0
chb02/seizure/chb02_16_1_18817.npy.gz,1
chb02/seizure/chb02_16+_1_4225.npy.gz,1
chb02/seizure/chb02_16_1_11265.npy.gz,1
chb02/nonseizure/chb02_16+_43521.npy.gz,0
chb02/nonseizure/chb02_16+_58881.npy.gz,0
chb02/seizure/chb02_16_1_7041.npy.gz,1
chb02/seizure/chb02_16_1_4673.npy.gz,1
chb02/seizure/chb02_16+_1_9793.npy.gz,1
chb02/nonseizure/chb02_16+_76033.npy.gz,0
chb02/nonseizure/chb02_16+_41217.npy.gz,0
chb02/seizure/chb02_16+_1_8193.npy.gz,1
chb02/seizure/chb02_16_1_11841.npy.gz,1
chb02/seizure/chb02_16+_1_14273.npy.gz,1
chb02/seizure/chb02_16+_1_7745.npy.gz,1
chb02/nonseizure/chb02_16+_164353.npy.gz,0
chb02/nonseizure/chb02_16+_129793.npy.gz,0
chb02/nonseizure/chb02_16+_133633.npy.gz,0
chb02/nonseizure/chb02_16+_28161.npy.gz,0
chb02/seizure/chb02_16+_1_16193.npy.gz,1
chb02/seizure/chb02_16+_1_4929.npy.gz,1
chb02/seizure/chb02_16_1_11009.npy.gz,1
chb02/nonseizure/chb02_16+_30721.npy.gz,0
chb02/seizure/chb02_16_1_17153.npy.gz,1
chb02/nonseizure/chb02_16+_66049.npy.gz,0
chb02/seizure/chb02_16_1_2305.npy.gz,1
chb02/seizure/chb02_16_1_2945.npy.gz,1
chb02/seizure/chb02_16+_1_16449.npy.gz,1
chb02/nonseizure/chb02_16+_145409.npy.gz,0
chb02/nonseizure/chb02_16+_169729.npy.gz,0
chb02/seizure/chb02_16+_1_321.npy.gz,1
chb02/seizure/chb02_19_1_2049.npy.gz,1
chb02/nonseizure/chb02_16+_115713.npy.gz,0
chb02/nonseizure/chb02_16+_168449.npy.gz,0
chb02/seizure/chb02_16+_1_15489.npy.gz,1
chb02/seizure/chb02_16_1_13953.npy.gz,1
chb02/nonseizure/chb02_16+_132609.npy.gz,0
chb02/seizure/chb02_16+_1_5185.npy.gz,1
chb02/nonseizure/chb02_16+_56321.npy.gz,0
chb02/nonseizure/chb02_16+_64257.npy.gz,0
chb02/seizure/chb02_16+_1_16705.npy.gz,1
chb02/seizure/chb02_16+_1_18113.npy.gz,1
chb02/seizure/chb02_16+_1_11777.npy.gz,1
chb02/nonseizure/chb02_16+_79105.npy.gz,0
chb02/nonseizure/chb02_16+_69121.npy.gz,0
chb02/nonseizure/chb02_16+_164097.npy.gz,0
chb02/seizure/chb02_16_1_5249.npy.gz,1
chb02/nonseizure/chb02_16+_48385.npy.gz,0
chb02/nonseizure/chb02_16+_71169.npy.gz,0
chb02/nonseizure/chb02_16+_67329.npy.gz,0
chb02/seizure/chb02_16+_1_20545.npy.gz,1
chb02/seizure/chb02_16+_1_9857.npy.gz,1
chb02/seizure/chb02_16_1_11969.npy.gz,1
chb02/seizure/chb02_16+_1_13249.npy.gz,1
chb02/nonseizure/chb02_16+_14849.npy.gz,0
chb02/seizure/chb02_16_1_17281.npy.gz,1
chb02/nonseizure/chb02_16+_104705.npy.gz,0
chb02/nonseizure/chb02_16+_46849.npy.gz,0
chb02/nonseizure/chb02_16+_22529.npy.gz,0
chb02/seizure/chb02_16+_1_19073.npy.gz,1
chb02/seizure/chb02_16+_1_11073.npy.gz,1
chb02/seizure/chb02_16+_1_9089.npy.gz,1
chb02/nonseizure/chb02_16+_122881.npy.gz,0
chb02/nonseizure/chb02_16+_109825.npy.gz,0
chb02/nonseizure/chb02_16+_37889.npy.gz,0
chb02/seizure/chb02_16_1_20801.npy.gz,1
chb02/seizure/chb02_16+_1_65.npy.gz,1
chb02/nonseizure/chb02_16+_55297.npy.gz,0
chb02/nonseizure/chb02_16+_63745.npy.gz,0
chb02/nonseizure/chb02_16+_93441.npy.gz,0
chb02/nonseizure/chb02_16+_139777.npy.gz,0
chb02/seizure/chb02_16_1_7105.npy.gz,1
chb02/nonseizure/chb02_16+_131329.npy.gz,0
chb02/seizure/chb02_16+_1_17793.npy.gz,1
chb02/nonseizure/chb02_16+_129025.npy.gz,0
chb02/nonseizure/chb02_16+_53249.npy.gz,0
chb02/seizure/chb02_16+_1_12993.npy.gz,1
chb02/nonseizure/chb02_16+_162049.npy.gz,0
chb02/seizure/chb02_16+_1_20033.npy.gz,1
chb02/nonseizure/chb02_16+_109313.npy.gz,0
chb02/nonseizure/chb02_16+_127233.npy.gz,0
chb02/nonseizure/chb02_16+_112129.npy.gz,0
chb02/nonseizure/chb02_16+_158721.npy.gz,0
chb02/seizure/chb02_16+_1_17857.npy.gz,1
chb02/nonseizure/chb02_16+_31745.npy.gz,0
chb02/seizure/chb02_16+_1_4737.npy.gz,1
chb02/seizure/chb02_16+_1_16385.npy.gz,1
chb02/seizure/chb02_16_1_7169.npy.gz,1
chb02/seizure/chb02_16_1_10689.npy.gz,1
chb02/nonseizure/chb02_16+_77569.npy.gz,0
chb02/seizure/chb02_16_1_10369.npy.gz,1
chb02/seizure/chb02_16+_1_3649.npy.gz,1
chb02/nonseizure/chb02_16+_13825.npy.gz,0
chb02/seizure/chb02_16+_1_20353.npy.gz,1
chb02/nonseizure/chb02_16+_120833.npy.gz,0
chb02/seizure/chb02_16_1_9025.npy.gz,1
chb02/nonseizure/chb02_16+_107777.npy.gz,0
chb02/nonseizure/chb02_16+_108033.npy.gz,0
chb02/seizure/chb02_19_1_2241.npy.gz,1
chb02/seizure/chb02_16+_1_8577.npy.gz,1
chb02/seizure/chb02_16+_1_705.npy.gz,1
chb02/nonseizure/chb02_16+_64769.npy.gz,0
chb02/seizure/chb02_16+_1_15553.npy.gz,1
chb02/nonseizure/chb02_16+_35585.npy.gz,0
chb02/nonseizure/chb02_16+_33025.npy.gz,0
chb02/seizure/chb02_16_1_9857.npy.gz,1
chb02/seizure/chb02_16_1_15681.npy.gz,1
chb02/nonseizure/chb02_16+_56833.npy.gz,0
chb02/nonseizure/chb02_16+_102913.npy.gz,0
chb02/nonseizure/chb02_16+_174337.npy.gz,0
chb02/seizure/chb02_16_1_8193.npy.gz,1
chb02/nonseizure/chb02_16+_46593.npy.gz,0
chb02/nonseizure/chb02_16+_174849.npy.gz,0
chb02/seizure/chb02_16_1_12865.npy.gz,1
chb02/nonseizure/chb02_16+_24065.npy.gz,0
chb02/nonseizure/chb02_16+_10241.npy.gz,0
chb02/seizure/chb02_16_1_8577.npy.gz,1
chb02/seizure/chb02_16+_1_15297.npy.gz,1
chb02/seizure/chb02_16+_1_19457.npy.gz,1
chb02/nonseizure/chb02_16+_39681.npy.gz,0
chb02/seizure/chb02_16+_1_13377.npy.gz,1
chb02/nonseizure/chb02_16+_92417.npy.gz,0
chb02/seizure/chb02_16+_1_19265.npy.gz,1
chb02/seizure/chb02_19_1_2177.npy.gz,1
chb02/seizure/chb02_19_1_961.npy.gz,1
chb02/nonseizure/chb02_16+_157953.npy.gz,0
chb02/seizure/chb02_16+_1_1985.npy.gz,1
chb02/nonseizure/chb02_16+_36097.npy.gz,0
chb02/seizure/chb02_16+_1_3777.npy.gz,1
chb02/seizure/chb02_19_1_1985.npy.gz,1
chb02/nonseizure/chb02_16+_75009.npy.gz,0
chb02/seizure/chb02_16+_1_9537.npy.gz,1
chb02/seizure/chb02_16+_1_6465.npy.gz,1
chb02/nonseizure/chb02_16+_145665.npy.gz,0
chb02/nonseizure/chb02_16+_153857.npy.gz,0
chb02/nonseizure/chb02_16+_60929.npy.gz,0
chb02/nonseizure/chb02_16+_60673.npy.gz,0
chb02/nonseizure/chb02_16+_87553.npy.gz,0
chb02/nonseizure/chb02_16+_165633.npy.gz,0
chb02/nonseizure/chb02_16+_96257.npy.gz,0
chb02/nonseizure/chb02_16+_73473.npy.gz,0
chb02/nonseizure/chb02_16+_149505.npy.gz,0
chb02/seizure/chb02_19_1_321.npy.gz,1
chb02/seizure/chb02_16_1_13249.npy.gz,1
chb02/seizure/chb02_16+_1_18753.npy.gz,1
chb02/seizure/chb02_16_1_9473.npy.gz,1
chb02/seizure/chb02_16+_1_513.npy.gz,1
chb02/seizure/chb02_16+_1_9281.npy.gz,1
chb02/nonseizure/chb02_16+_142593.npy.gz,0
chb02/seizure/chb02_16+_1_14465.npy.gz,1
chb02/nonseizure/chb02_16+_159745.npy.gz,0
chb02/nonseizure/chb02_16+_72961.npy.gz,0
chb02/seizure/chb02_16+_1_769.npy.gz,1
chb02/nonseizure/chb02_16+_17921.npy.gz,0
chb02/nonseizure/chb02_16+_57601.npy.gz,0
chb02/seizure/chb02_16+_1_14657.npy.gz,1
chb02/nonseizure/chb02_16+_104193.npy.gz,0
chb02/seizure/chb02_16_1_13825.npy.gz,1
chb02/nonseizure/chb02_16+_154881.npy.gz,0
chb02/nonseizure/chb02_16+_138753.npy.gz,0
chb02/nonseizure/chb02_16+_42241.npy.gz,0
chb02/nonseizure/chb02_16+_157697.npy.gz,0
chb02/nonseizure/chb02_16+_1537.npy.gz,0
chb02/seizure/chb02_16+_1_10689.npy.gz,1
chb02/seizure/chb02_16+_1_4673.npy.gz,1
chb02/nonseizure/chb02_16+_142081.npy.gz,0
chb02/nonseizure/chb02_16+_139521.npy.gz,0
chb02/seizure/chb02_16_1_2113.npy.gz,1
chb02/nonseizure/chb02_16+_22273.npy.gz,0
chb02/nonseizure/chb02_16+_19713.npy.gz,0
chb02/seizure/chb02_16_1_1473.npy.gz,1
chb02/seizure/chb02_16_1_19393.npy.gz,1
chb02/seizure/chb02_16_1_14657.npy.gz,1
chb02/nonseizure/chb02_16+_146177.npy.gz,0
chb02/nonseizure/chb02_16+_41729.npy.gz,0
chb02/seizure/chb02_16+_1_7873.npy.gz,1
chb02/nonseizure/chb02_16+_130049.npy.gz,0
chb02/seizure/chb02_16_1_6465.npy.gz,1
chb02/seizure/chb02_16_1_14977.npy.gz,1
chb02/seizure/chb02_16_1_7873.npy.gz,1
chb02/nonseizure/chb02_16+_144129.npy.gz,0
chb02/seizure/chb02_19_1_1089.npy.gz,1
chb02/nonseizure/chb02_16+_129281.npy.gz,0
chb02/seizure/chb02_19_1_1281.npy.gz,1
chb02/seizure/chb02_16+_1_6657.npy.gz,1
chb02/seizure/chb02_16_1_3073.npy.gz,1
chb02/nonseizure/chb02_16+_91137.npy.gz,0
chb02/nonseizure/chb02_16+_90369.npy.gz,0
chb02/nonseizure/chb02_16+_70401.npy.gz,0
chb02/seizure/chb02_16_1_19905.npy.gz,1
chb02/seizure/chb02_16+_1_2241.npy.gz,1
chb02/nonseizure/chb02_16+_38657.npy.gz,0
chb02/seizure/chb02_16+_1_3393.npy.gz,1
chb02/seizure/chb02_16+_1_20673.npy.gz,1
chb02/seizure/chb02_16+_1_11393.npy.gz,1
chb02/seizure/chb02_16_1_4609.npy.gz,1
chb02/nonseizure/chb02_16+_120321.npy.gz,0
chb02/nonseizure/chb02_16+_42753.npy.gz,0
chb02/nonseizure/chb02_16+_9729.npy.gz,0
chb02/nonseizure/chb02_16+_77313.npy.gz,0
chb02/seizure/chb02_16+_1_8385.npy.gz,1
chb02/seizure/chb02_16+_1_1089.npy.gz,1
chb02/nonseizure/chb02_16+_153345.npy.gz,0
chb02/seizure/chb02_19_1_449.npy.gz,1
chb02/nonseizure/chb02_16+_82945.npy.gz,0
chb02/nonseizure/chb02_16+_161793.npy.gz,0
chb02/nonseizure/chb02_16+_19969.npy.gz,0
chb02/nonseizure/chb02_16+_59905.npy.gz,0
chb02/seizure/chb02_16_1_17985.npy.gz,1
chb02/seizure/chb02_16_1_14849.npy.gz,1
chb02/nonseizure/chb02_16+_33793.npy.gz,0
chb02/nonseizure/chb02_16+_54017.npy.gz,0
chb02/nonseizure/chb02_16+_94721.npy.gz,0
chb02/seizure/chb02_16_1_2241.npy.gz,1
chb02/seizure/chb02_16_1_16705.npy.gz,1
chb02/nonseizure/chb02_16+_126209.npy.gz,0
chb02/seizure/chb02_16+_1_5057.npy.gz,1
chb02/seizure/chb02_16+_1_2113.npy.gz,1
chb02/seizure/chb02_16_1_20865.npy.gz,1
chb02/nonseizure/chb02_16+_165377.npy.gz,0
chb02/nonseizure/chb02_16+_60161.npy.gz,0
chb02/nonseizure/chb02_16+_67073.npy.gz,0
chb02/seizure/chb02_16+_1_12737.npy.gz,1
chb02/seizure/chb02_16+_1_5505.npy.gz,1
chb02/nonseizure/chb02_16+_84481.npy.gz,0
chb02/seizure/chb02_16_1_9729.npy.gz,1
chb02/seizure/chb02_16_1_19329.npy.gz,1
chb02/seizure/chb02_16_1_11585.npy.gz,1
chb02/nonseizure/chb02_16+_94465.npy.gz,0
chb02/nonseizure/chb02_16+_77825.npy.gz,0
chb02/seizure/chb02_16_1_16833.npy.gz,1
chb02/seizure/chb02_16+_1_16065.npy.gz,1
chb02/seizure/chb02_16_1_1665.npy.gz,1
chb02/nonseizure/chb02_16+_172033.npy.gz,0
chb02/seizure/chb02_16_1_20737.npy.gz,1
chb02/seizure/chb02_16+_1_5377.npy.gz,1
chb02/nonseizure/chb02_16+_11009.npy.gz,0
chb02/nonseizure/chb02_16+_64513.npy.gz,0
chb02/seizure/chb02_19_1_1921.npy.gz,1
chb02/nonseizure/chb02_16+_34305.npy.gz,0
chb02/nonseizure/chb02_16+_156161.npy.gz,0
chb02/nonseizure/chb02_16+_15105.npy.gz,0
chb02/nonseizure/chb02_16+_126977.npy.gz,0
chb02/nonseizure/chb02_16+_86529.npy.gz,0
chb02/nonseizure/chb02_16+_39937.npy.gz,0
chb02/nonseizure/chb02_16+_151553.npy.gz,0
chb02/seizure/chb02_16+_1_6977.npy.gz,1
chb02/nonseizure/chb02_16+_5633.npy.gz,0
chb02/nonseizure/chb02_16+_64001.npy.gz,0
chb02/nonseizure/chb02_16+_49921.npy.gz,0
chb02/nonseizure/chb02_16+_48129.npy.gz,0
chb02/seizure/chb02_16+_1_5697.npy.gz,1
chb02/seizure/chb02_16_1_3137.npy.gz,1
chb02/seizure/chb02_16+_1_3073.npy.gz,1
chb02/nonseizure/chb02_16+_68865.npy.gz,0
chb02/nonseizure/chb02_16+_21249.npy.gz,0
chb02/seizure/chb02_16_1_5377.npy.gz,1
chb02/seizure/chb02_16+_1_12353.npy.gz,1
chb02/nonseizure/chb02_16+_46081.npy.gz,0
chb02/seizure/chb02_16_1_15041.npy.gz,1
chb02/nonseizure/chb02_16+_167425.npy.gz,0
chb02/seizure/chb02_16_1_20225.npy.gz,1
chb02/seizure/chb02_16+_1_20225.npy.gz,1
chb02/nonseizure/chb02_16+_70657.npy.gz,0
chb02/seizure/chb02_19_1_641.npy.gz,1
chb02/nonseizure/chb02_16+_38401.npy.gz,0
chb02/seizure/chb02_16+_1_12673.npy.gz,1
chb02/nonseizure/chb02_16+_118529.npy.gz,0
chb02/seizure/chb02_16+_1_7425.npy.gz,1
chb02/nonseizure/chb02_16+_152321.npy.gz,0
chb02/seizure/chb02_16+_1_17153.npy.gz,1
chb02/seizure/chb02_16_1_1.npy.gz,1
chb02/seizure/chb02_16_1_20289.npy.gz,1
chb02/nonseizure/chb02_16+_9985.npy.gz,0
chb02/nonseizure/chb02_16+_55809.npy.gz,0
chb02/nonseizure/chb02_16+_170753.npy.gz,0
chb02/nonseizure/chb02_16+_162817.npy.gz,0
chb02/nonseizure/chb02_16+_100353.npy.gz,0
chb02/nonseizure/chb02_16+_52481.npy.gz,0
chb02/nonseizure/chb02_16+_8961.npy.gz,0
chb02/nonseizure/chb02_16+_39169.npy.gz,0
chb02/seizure/chb02_16+_1_6145.npy.gz,1
chb02/seizure/chb02_16_1_1217.npy.gz,1
chb02/seizure/chb02_19_1_257.npy.gz,1
chb02/nonseizure/chb02_16+_140289.npy.gz,0
chb02/nonseizure/chb02_16+_104961.npy.gz,0
chb02/nonseizure/chb02_16+_108545.npy.gz,0
chb02/seizure/chb02_16_1_13377.npy.gz,1
chb02/nonseizure/chb02_16+_160001.npy.gz,0
chb02/nonseizure/chb02_16+_160769.npy.gz,0
chb02/nonseizure/chb02_16+_51713.npy.gz,0
chb02/seizure/chb02_16_1_11905.npy.gz,1
chb02/seizure/chb02_16+_1_6337.npy.gz,1
chb02/nonseizure/chb02_16+_172289.npy.gz,0
chb02/nonseizure/chb02_16+_58625.npy.gz,0
chb02/nonseizure/chb02_16+_38145.npy.gz,0
chb02/seizure/chb02_16+_1_7937.npy.gz,1
chb02/nonseizure/chb02_16+_102145.npy.gz,0
chb02/nonseizure/chb02_16+_59137.npy.gz,0
chb02/nonseizure/chb02_16+_44545.npy.gz,0
chb02/nonseizure/chb02_16+_155137.npy.gz,0
chb02/seizure/chb02_16+_1_12609.npy.gz,1
chb02/seizure/chb02_19_1_1025.npy.gz,1
chb02/seizure/chb02_16+_1_8961.npy.gz,1
chb02/seizure/chb02_16_1_16897.npy.gz,1
chb02/seizure/chb02_16_1_1153.npy.gz,1
chb02/seizure/chb02_16_1_8065.npy.gz,1
chb02/nonseizure/chb02_16+_175361.npy.gz,0
chb02/nonseizure/chb02_16+_15617.npy.gz,0
chb02/seizure/chb02_19_1_1665.npy.gz,1
chb02/nonseizure/chb02_16+_3329.npy.gz,0
chb02/nonseizure/chb02_16+_154625.npy.gz,0
chb02/seizure/chb02_16_1_17537.npy.gz,1
chb02/nonseizure/chb02_16+_26113.npy.gz,0
chb02/seizure/chb02_16+_1_14913.npy.gz,1
chb02/seizure/chb02_16+_1_19393.npy.gz,1
chb02/seizure/chb02_16+_1_16833.npy.gz,1
chb02/seizure/chb02_16+_1_11521.npy.gz,1
chb02/seizure/chb02_16_1_18497.npy.gz,1
chb02/seizure/chb02_16+_1_19585.npy.gz,1
chb02/nonseizure/chb02_16+_116993.npy.gz,0
chb02/nonseizure/chb02_16+_50433.npy.gz,0
chb02/seizure/chb02_16_1_16577.npy.gz,1
chb02/seizure/chb02_16_1_14273.npy.gz,1
chb02/nonseizure/chb02_16+_72193.npy.gz,0
chb02/seizure/chb02_16+_1_19329.npy.gz,1
chb02/nonseizure/chb02_16+_132097.npy.gz,0
chb02/seizure/chb02_16_1_5057.npy.gz,1
chb02/nonseizure/chb02_16+_160513.npy.gz,0
chb02/seizure/chb02_16+_1_8065.npy.gz,1
chb02/nonseizure/chb02_16+_51457.npy.gz,0
chb02/nonseizure/chb02_16+_153601.npy.gz,0
chb02/seizure/chb02_16_1_6785.npy.gz,1
chb02/nonseizure/chb02_16+_141057.npy.gz,0
chb02/nonseizure/chb02_16+_12033.npy.gz,0
chb02/seizure/chb02_16_1_7297.npy.gz,1
chb02/seizure/chb02_19_1_1601.npy.gz,1
chb02/nonseizure/chb02_16+_136961.npy.gz,0
chb02/nonseizure/chb02_16+_68609.npy.gz,0
chb02/seizure/chb02_16+_1_19713.npy.gz,1
chb02/nonseizure/chb02_16+_5121.npy.gz,0
chb02/seizure/chb02_16_1_18113.npy.gz,1
chb02/nonseizure/chb02_16+_111105.npy.gz,0
chb02/seizure/chb02_16_1_15937.npy.gz,1
chb02/nonseizure/chb02_16+_14337.npy.gz,0
chb02/seizure/chb02_16+_1_3265.npy.gz,1
chb02/nonseizure/chb02_16+_140545.npy.gz,0
chb02/nonseizure/chb02_16+_74753.npy.gz,0
chb02/nonseizure/chb02_16+_99329.npy.gz,0
chb02/seizure/chb02_16_1_6273.npy.gz,1
chb02/seizure/chb02_16+_1_19649.npy.gz,1
chb02/nonseizure/chb02_16+_47361.npy.gz,0
chb02/nonseizure/chb02_16+_126465.npy.gz,0
chb02/seizure/chb02_16_1_15361.npy.gz,1
chb02/nonseizure/chb02_16+_157185.npy.gz,0
chb02/nonseizure/chb02_16+_71425.npy.gz,0
chb02/seizure/chb02_16+_1_641.npy.gz,1
chb02/seizure/chb02_16_1_9089.npy.gz,1
chb02/seizure/chb02_16+_1_13313.npy.gz,1
chb02/nonseizure/chb02_16+_35073.npy.gz,0
chb02/seizure/chb02_16+_1_4801.npy.gz,1
chb02/nonseizure/chb02_16+_82689.npy.gz,0
chb02/nonseizure/chb02_16+_140801.npy.gz,0
chb02/nonseizure/chb02_16+_88577.npy.gz,0
chb02/nonseizure/chb02_16+_30209.npy.gz,0
chb02/nonseizure/chb02_16+_116481.npy.gz,0
chb02/nonseizure/chb02_16+_24577.npy.gz,0
chb02/nonseizure/chb02_16+_163585.npy.gz,0
chb02/nonseizure/chb02_16+_61185.npy.gz,0
chb02/nonseizure/chb02_16+_49665.npy.gz,0
chb02/seizure/chb02_16_1_20609.npy.gz,1
chb02/seizure/chb02_16_1_19713.npy.gz,1
chb02/nonseizure/chb02_16+_84225.npy.gz,0
chb02/nonseizure/chb02_16+_95489.npy.gz,0
chb02/nonseizure/chb02_16+_33281.npy.gz,0
chb02/seizure/chb02_16+_1_19777.npy.gz,1
chb02/nonseizure/chb02_16+_167169.npy.gz,0
chb02/seizure/chb02_16_1_12801.npy.gz,1
chb02/seizure/chb02_16+_1_7489.npy.gz,1
chb02/nonseizure/chb02_16+_6401.npy.gz,0
chb02/seizure/chb02_16+_1_10369.npy.gz,1
chb02/seizure/chb02_16+_1_1345.npy.gz,1
chb02/seizure/chb02_16_1_8449.npy.gz,1
chb02/seizure/chb02_16+_1_10113.npy.gz,1
chb02/nonseizure/chb02_16+_107009.npy.gz,0
chb02/seizure/chb02_16+_1_7681.npy.gz,1
chb02/seizure/chb02_16+_1_7041.npy.gz,1
chb02/nonseizure/chb02_16+_147713.npy.gz,0
chb02/nonseizure/chb02_16+_12289.npy.gz,0
chb02/nonseizure/chb02_16+_169473.npy.gz,0
chb02/seizure/chb02_16+_1_5761.npy.gz,1
chb02/seizure/chb02_16+_1_12161.npy.gz,1
chb02/nonseizure/chb02_16+_62209.npy.gz,0
chb02/seizure/chb02_16_1_7617.npy.gz,1
chb02/seizure/chb02_16+_1_11009.npy.gz,1
chb02/seizure/chb02_16+_1_17985.npy.gz,1
chb02/nonseizure/chb02_16+_124417.npy.gz,0
chb02/seizure/chb02_16+_1_16897.npy.gz,1
chb02/seizure/chb02_16+_1_13569.npy.gz,1
chb02/seizure/chb02_16_1_3649.npy.gz,1
chb02/seizure/chb02_16+_1_1.npy.gz,1
chb02/seizure/chb02_16+_1_15425.npy.gz,1
chb02/nonseizure/chb02_16+_31233.npy.gz,0
chb02/nonseizure/chb02_16+_114689.npy.gz,0
chb02/seizure/chb02_16_1_16065.npy.gz,1
chb02/seizure/chb02_16_1_9345.npy.gz,1
chb02/nonseizure/chb02_16+_129537.npy.gz,0
chb02/seizure/chb02_16_1_19073.npy.gz,1
chb02/nonseizure/chb02_16+_113153.npy.gz,0
chb02/seizure/chb02_16_1_17921.npy.gz,1
chb02/nonseizure/chb02_16+_168705.npy.gz,0
chb02/seizure/chb02_16+_1_15041.npy.gz,1
chb02/nonseizure/chb02_16+_88833.npy.gz,0
chb02/seizure/chb02_16+_1_10497.npy.gz,1
chb02/nonseizure/chb02_16+_175873.npy.gz,0
chb02/seizure/chb02_16+_1_9985.npy.gz,1
chb02/seizure/chb02_16_1_14465.npy.gz,1
chb02/nonseizure/chb02_16+_82433.npy.gz,0
chb02/nonseizure/chb02_16+_61441.npy.gz,0
chb02/seizure/chb02_16_1_3841.npy.gz,1
chb02/nonseizure/chb02_16+_33537.npy.gz,0
chb02/nonseizure/chb02_16+_61697.npy.gz,0
chb02/seizure/chb02_16_1_10113.npy.gz,1
chb02/nonseizure/chb02_16+_171265.npy.gz,0
chb02/seizure/chb02_16_1_961.npy.gz,1
chb02/seizure/chb02_16+_1_18369.npy.gz,1
chb02/nonseizure/chb02_16+_155905.npy.gz,0
chb02/nonseizure/chb02_16+_125441.npy.gz,0
chb02/seizure/chb02_16+_1_18241.npy.gz,1
chb02/seizure/chb02_16+_1_1601.npy.gz,1
chb02/nonseizure/chb02_16+_134913.npy.gz,0
chb02/seizure/chb02_16+_1_10881.npy.gz,1
chb02/seizure/chb02_16+_1_4289.npy.gz,1
chb02/nonseizure/chb02_16+_150529.npy.gz,0
chb02/nonseizure/chb02_16+_27393.npy.gz,0
chb02/seizure/chb02_16+_1_16577.npy.gz,1
chb02/nonseizure/chb02_16+_143105.npy.gz,0
chb02/nonseizure/chb02_16+_80129.npy.gz,0
chb02/nonseizure/chb02_16+_100865.npy.gz,0
chb02/nonseizure/chb02_16+_84993.npy.gz,0
chb02/seizure/chb02_16_1_18305.npy.gz,1
chb02/seizure/chb02_16+_1_2049.npy.gz,1
chb02/nonseizure/chb02_16+_146433.npy.gz,0
chb02/nonseizure/chb02_16+_168193.npy.gz,0
chb02/nonseizure/chb02_16+_149761.npy.gz,0
chb02/nonseizure/chb02_16+_28929.npy.gz,0
chb02/nonseizure/chb02_16+_16385.npy.gz,0
chb02/nonseizure/chb02_16+_6145.npy.gz,0
chb02/seizure/chb02_16+_1_7297.npy.gz,1
chb02/seizure/chb02_16_1_19137.npy.gz,1
chb02/seizure/chb02_19_1_385.npy.gz,1
chb02/nonseizure/chb02_16+_10497.npy.gz,0
chb02/nonseizure/chb02_16+_69633.npy.gz,0
chb02/seizure/chb02_16_1_15873.npy.gz,1
chb02/seizure/chb02_16+_1_7617.npy.gz,1
chb02/seizure/chb02_16_1_8001.npy.gz,1
chb02/nonseizure/chb02_16+_79873.npy.gz,0
chb02/seizure/chb02_16+_1_15937.npy.gz,1
chb02/seizure/chb02_16+_1_1153.npy.gz,1
chb02/seizure/chb02_16_1_705.npy.gz,1
chb02/nonseizure/chb02_16+_123137.npy.gz,0
chb02/seizure/chb02_16_1_2881.npy.gz,1
chb02/nonseizure/chb02_16+_98817.npy.gz,0
chb02/seizure/chb02_16+_1_6209.npy.gz,1
chb02/seizure/chb02_16_1_3969.npy.gz,1
chb02/seizure/chb02_16+_1_17345.npy.gz,1
chb02/nonseizure/chb02_16+_146945.npy.gz,0
chb02/seizure/chb02_16_1_8641.npy.gz,1
chb02/nonseizure/chb02_16+_78337.npy.gz,0
chb02/seizure/chb02_16+_1_6785.npy.gz,1
chb02/seizure/chb02_16_1_18049.npy.gz,1
chb02/nonseizure/chb02_16+_134145.npy.gz,0
chb02/nonseizure/chb02_16+_35841.npy.gz,0
chb02/seizure/chb02_16_1_6401.npy.gz,1
chb02/seizure/chb02_16+_1_2497.npy.gz,1
chb02/nonseizure/chb02_16+_72449.npy.gz,0
chb02/nonseizure/chb02_16+_8449.npy.gz,0
chb02/nonseizure/chb02_16+_47105.npy.gz,0
chb02/seizure/chb02_16+_1_1025.npy.gz,1
chb02/seizure/chb02_16+_1_19521.npy.gz,1
chb02/seizure/chb02_16_1_11073.npy.gz,1
chb02/seizure/chb02_16+_1_3713.npy.gz,1
chb02/nonseizure/chb02_16+_8193.npy.gz,0
chb02/nonseizure/chb02_16+_81153.npy.gz,0
chb02/seizure/chb02_16+_1_6273.npy.gz,1
chb02/seizure/chb02_16_1_17793.npy.gz,1
chb02/nonseizure/chb02_16+_169985.npy.gz,0
chb02/nonseizure/chb02_16+_120065.npy.gz,0
chb02/seizure/chb02_16+_1_1473.npy.gz,1
chb02/seizure/chb02_16_1_4929.npy.gz,1
chb02/seizure/chb02_19_1_65.npy.gz,1
chb02/seizure/chb02_16+_1_19841.npy.gz,1
chb02/seizure/chb02_16+_1_18881.npy.gz,1
chb02/nonseizure/chb02_16+_163329.npy.gz,0
chb02/nonseizure/chb02_16+_34817.npy.gz,0
chb02/nonseizure/chb02_16+_81921.npy.gz,0
chb02/nonseizure/chb02_16+_257.npy.gz,0
chb02/nonseizure/chb02_16+_93953.npy.gz,0
chb02/seizure/chb02_16_1_5441.npy.gz,1
chb02/nonseizure/chb02_16+_58369.npy.gz,0
chb02/nonseizure/chb02_16+_91393.npy.gz,0
chb02/nonseizure/chb02_16+_55041.npy.gz,0
chb02/seizure/chb02_16+_1_1793.npy.gz,1
chb02/nonseizure/chb02_16+_36353.npy.gz,0
chb02/nonseizure/chb02_16+_90881.npy.gz,0
chb02/nonseizure/chb02_16+_161281.npy.gz,0
chb02/seizure/chb02_16+_1_14785.npy.gz,1
chb02/nonseizure/chb02_16+_161025.npy.gz,0
chb02/seizure/chb02_16_1_4033.npy.gz,1
chb02/seizure/chb02_16_1_17729.npy.gz,1
chb02/seizure/chb02_16+_1_15873.npy.gz,1
chb02/nonseizure/chb02_16+_90113.npy.gz,0
chb02/seizure/chb02_16+_1_11201.npy.gz,1
chb02/nonseizure/chb02_16+_103425.npy.gz,0
chb02/nonseizure/chb02_16+_96513.npy.gz,0
chb02/seizure/chb02_16_1_20545.npy.gz,1
chb02/nonseizure/chb02_16+_82177.npy.gz,0
chb02/nonseizure/chb02_16+_147201.npy.gz,0
chb02/nonseizure/chb02_16+_6657.npy.gz,0
chb02/seizure/chb02_16+_1_10433.npy.gz,1
chb02/seizure/chb02_16+_1_16257.npy.gz,1
chb02/seizure/chb02_16+_1_2561.npy.gz,1
chb02/seizure/chb02_16+_1_8001.npy.gz,1
chb02/seizure/chb02_16_1_10817.npy.gz,1
chb02/nonseizure/chb02_16+_16129.npy.gz,0
chb02/nonseizure/chb02_16+_41985.npy.gz,0
chb02/seizure/chb02_16_1_1793.npy.gz,1
chb02/seizure/chb02_16_1_577.npy.gz,1
chb02/nonseizure/chb02_16+_107265.npy.gz,0
chb02/seizure/chb02_16_1_13185.npy.gz,1
chb02/nonseizure/chb02_16+_105473.npy.gz,0
chb02/nonseizure/chb02_16+_117249.npy.gz,0
chb02/seizure/chb02_16+_1_13953.npy.gz,1
chb02/nonseizure/chb02_16+_67585.npy.gz,0
chb02/seizure/chb02_16_1_8385.npy.gz,1
chb02/seizure/chb02_16_1_19009.npy.gz,1
chb02/nonseizure/chb02_16+_15361.npy.gz,0
chb02/seizure/chb02_16_1_8961.npy.gz,1
chb02/nonseizure/chb02_16+_166657.npy.gz,0
chb02/seizure/chb02_16_1_769.npy.gz,1
chb02/nonseizure/chb02_16+_78081.npy.gz,0
chb02/seizure/chb02_16_1_19969.npy.gz,1
chb02/nonseizure/chb02_16+_49153.npy.gz,0
chb02/nonseizure/chb02_16+_170241.npy.gz,0
chb02/nonseizure/chb02_16+_59649.npy.gz,0
chb02/seizure/chb02_16_1_12097.npy.gz,1
chb02/seizure/chb02_16+_1_15105.npy.gz,1
chb02/nonseizure/chb02_16+_32513.npy.gz,0
chb02/seizure/chb02_16+_1_4417.npy.gz,1
chb02/nonseizure/chb02_16+_139265.npy.gz,0
chb02/nonseizure/chb02_16+_85761.npy.gz,0
chb02/nonseizure/chb02_16+_57345.npy.gz,0
chb02/nonseizure/chb02_16+_45313.npy.gz,0
chb02/seizure/chb02_16+_1_3969.npy.gz,1
chb02/nonseizure/chb02_16+_135937.npy.gz,0
chb02/seizure/chb02_16+_1_9025.npy.gz,1
chb02/nonseizure/chb02_16+_73729.npy.gz,0
chb02/seizure/chb02_16_1_4481.npy.gz,1
chb02/seizure/chb02_16_1_16193.npy.gz,1
chb02/seizure/chb02_16+_1_17537.npy.gz,1
chb02/seizure/chb02_16_1_5697.npy.gz,1
chb02/seizure/chb02_16+_1_1857.npy.gz,1
chb02/nonseizure/chb02_16+_171009.npy.gz,0
chb02/seizure/chb02_16+_1_3137.npy.gz,1
chb02/seizure/chb02_16_1_14401.npy.gz,1
chb02/nonseizure/chb02_16+_135681.npy.gz,0
chb02/seizure/chb02_16+_1_1665.npy.gz,1
chb02/nonseizure/chb02_16+_137217.npy.gz,0
chb02/seizure/chb02_16_1_20417.npy.gz,1
chb02/seizure/chb02_16_1_17409.npy.gz,1
chb02/nonseizure/chb02_16+_14081.npy.gz,0
chb02/seizure/chb02_16+_1_11969.npy.gz,1
chb02/nonseizure/chb02_16+_13569.npy.gz,0
chb02/nonseizure/chb02_16+_58113.npy.gz,0
chb02/seizure/chb02_16+_1_385.npy.gz,1
chb02/nonseizure/chb02_16+_121601.npy.gz,0
chb02/nonseizure/chb02_16+_155393.npy.gz,0
chb02/nonseizure/chb02_16+_141569.npy.gz,0
chb02/nonseizure/chb02_16+_122113.npy.gz,0
chb02/nonseizure/chb02_16+_65793.npy.gz,0
chb02/nonseizure/chb02_16+_133889.npy.gz,0
chb02/nonseizure/chb02_16+_56065.npy.gz,0
chb02/nonseizure/chb02_16+_174593.npy.gz,0
chb02/seizure/chb02_16_1_11137.npy.gz,1
chb02/seizure/chb02_16_1_19521.npy.gz,1
chb02/nonseizure/chb02_16+_97537.npy.gz,0
chb02/seizure/chb02_16_1_14017.npy.gz,1
chb02/seizure/chb02_16+_1_5953.npy.gz,1
chb02/nonseizure/chb02_16+_30977.npy.gz,0
chb02/seizure/chb02_16_1_6337.npy.gz,1
chb02/nonseizure/chb02_16+_111617.npy.gz,0
chb02/seizure/chb02_16+_1_12289.npy.gz,1
chb02/nonseizure/chb02_16+_105729.npy.gz,0
chb02/seizure/chb02_16+_1_6913.npy.gz,1
chb02/seizure/chb02_16_1_4225.npy.gz,1
chb02/nonseizure/chb02_16+_148481.npy.gz,0
chb02/seizure/chb02_16_1_11521.npy.gz,1
chb02/seizure/chb02_16_1_18177.npy.gz,1
chb02/seizure/chb02_16+_1_10049.npy.gz,1
chb02/seizure/chb02_16+_1_16001.npy.gz,1
chb02/seizure/chb02_16_1_18241.npy.gz,1
chb02/seizure/chb02_16_1_11457.npy.gz,1
chb02/seizure/chb02_16+_1_7361.npy.gz,1
chb02/seizure/chb02_19_1_1217.npy.gz,1
chb02/seizure/chb02_16_1_12033.npy.gz,1
chb02/nonseizure/chb02_16+_158209.npy.gz,0
chb02/nonseizure/chb02_16+_145153.npy.gz,0
chb02/nonseizure/chb02_16+_17153.npy.gz,0
chb02/seizure/chb02_16_1_6145.npy.gz,1
chb02/nonseizure/chb02_16+_164609.npy.gz,0
chb02/nonseizure/chb02_16+_23553.npy.gz,0
chb02/nonseizure/chb02_16+_133121.npy.gz,0
chb02/seizure/chb02_16_1_4545.npy.gz,1
chb02/nonseizure/chb02_16+_107521.npy.gz,0
chb02/nonseizure/chb02_16+_24321.npy.gz,0
chb02/nonseizure/chb02_16+_150017.npy.gz,0
chb02/nonseizure/chb02_16+_81409.npy.gz,0
chb02/nonseizure/chb02_16+_126721.npy.gz,0
chb02/seizure/chb02_16+_1_3841.npy.gz,1
chb02/seizure/chb02_16_1_13505.npy.gz,1
chb02/nonseizure/chb02_16+_93185.npy.gz,0
chb02/seizure/chb02_16+_1_19009.npy.gz,1
chb02/nonseizure/chb02_16+_171521.npy.gz,0
chb02/seizure/chb02_16_1_6657.npy.gz,1
chb02/seizure/chb02_16_1_7809.npy.gz,1
chb02/seizure/chb02_16_1_3457.npy.gz,1
chb02/seizure/chb02_16_1_8833.npy.gz,1
chb02/nonseizure/chb02_16+_39425.npy.gz,0
chb02/nonseizure/chb02_16+_124929.npy.gz,0
chb02/nonseizure/chb02_16+_25345.npy.gz,0
chb02/nonseizure/chb02_16+_89857.npy.gz,0
chb02/nonseizure/chb02_16+_11265.npy.gz,0
chb02/seizure/chb02_16+_1_6401.npy.gz,1
chb02/nonseizure/chb02_16+_173569.npy.gz,0
chb02/seizure/chb02_16+_1_4097.npy.gz,1
chb02/nonseizure/chb02_16+_47617.npy.gz,0
chb02/nonseizure/chb02_16+_135169.npy.gz,0
chb02/nonseizure/chb02_16+_93697.npy.gz,0
chb02/seizure/chb02_16_1_5569.npy.gz,1
chb02/seizure/chb02_16_1_5889.npy.gz,1
chb02/seizure/chb02_16+_1_13505.npy.gz,1
chb02/nonseizure/chb02_16+_49409.npy.gz,0
chb02/nonseizure/chb02_16+_44801.npy.gz,0
chb02/seizure/chb02_16_1_20481.npy.gz,1
chb02/nonseizure/chb02_16+_97793.npy.gz,0
chb02/seizure/chb02_16_1_4417.npy.gz,1
chb02/nonseizure/chb02_16+_47873.npy.gz,0
chb02/seizure/chb02_16+_1_10945.npy.gz,1
chb02/nonseizure/chb02_16+_103937.npy.gz,0
chb02/nonseizure/chb02_16+_72705.npy.gz,0
chb02/nonseizure/chb02_16+_52225.npy.gz,0
chb02/seizure/chb02_16_1_7489.npy.gz,1
chb02/seizure/chb02_16_1_385.npy.gz,1
chb02/nonseizure/chb02_16+_150273.npy.gz,0
chb02/nonseizure/chb02_16+_11777.npy.gz,0
chb02/seizure/chb02_16_1_15425.npy.gz,1
chb02/seizure/chb02_16_1_15617.npy.gz,1
chb02/seizure/chb02_16_1_3521.npy.gz,1
chb02/seizure/chb02_16+_1_3457.npy.gz,1
chb02/nonseizure/chb02_16+_172801.npy.gz,0
chb02/seizure/chb02_16+_1_11265.npy.gz,1
chb02/nonseizure/chb02_16+_86017.npy.gz,0
chb02/nonseizure/chb02_16+_111873.npy.gz,0
chb02/nonseizure/chb02_16+_156417.npy.gz,0
chb02/seizure/chb02_16_1_9409.npy.gz,1
chb02/seizure/chb02_16_1_18945.npy.gz,1
chb02/seizure/chb02_16_1_2689.npy.gz,1
chb02/seizure/chb02_16_1_13697.npy.gz,1
chb02/nonseizure/chb02_16+_112641.npy.gz,0
chb02/nonseizure/chb02_16+_91649.npy.gz,0
chb02/nonseizure/chb02_16+_89345.npy.gz,0
chb02/seizure/chb02_16_1_15169.npy.gz,1
chb02/nonseizure/chb02_16+_108801.npy.gz,0
chb02/seizure/chb02_16+_1_5249.npy.gz,1
chb02/seizure/chb02_16+_1_15233.npy.gz,1
chb02/nonseizure/chb02_16+_42497.npy.gz,0
chb02/seizure/chb02_16+_1_8257.npy.gz,1
chb02/seizure/chb02_16+_1_15169.npy.gz,1
chb02/nonseizure/chb02_16+_174081.npy.gz,0
chb02/nonseizure/chb02_16+_118273.npy.gz,0
chb02/nonseizure/chb02_16+_121857.npy.gz,0
chb02/nonseizure/chb02_16+_105985.npy.gz,0
chb02/seizure/chb02_16+_1_16321.npy.gz,1
chb02/nonseizure/chb02_16+_13057.npy.gz,0
chb02/seizure/chb02_16_1_13121.npy.gz,1
chb02/seizure/chb02_16_1_17601.npy.gz,1
chb02/seizure/chb02_16_1_17025.npy.gz,1
chb02/nonseizure/chb02_16+_173825.npy.gz,0
chb02/nonseizure/chb02_16+_175617.npy.gz,0
chb02/nonseizure/chb02_16+_169217.npy.gz,0
chb02/nonseizure/chb02_16+_46337.npy.gz,0
chb02/seizure/chb02_16+_1_2369.npy.gz,1
chb02/seizure/chb02_16+_1_1537.npy.gz,1
chb02/seizure/chb02_16+_1_2753.npy.gz,1
chb02/seizure/chb02_16_1_19585.npy.gz,1
chb02/nonseizure/chb02_16+_147457.npy.gz,0
chb02/seizure/chb02_16_1_20161.npy.gz,1
chb02/seizure/chb02_16+_1_13185.npy.gz,1
chb02/nonseizure/chb02_16+_137473.npy.gz,0
chb02/seizure/chb02_19_1_1537.npy.gz,1
chb02/nonseizure/chb02_16+_22017.npy.gz,0
chb02/seizure/chb02_16+_1_8321.npy.gz,1
chb02/seizure/chb02_16_1_641.npy.gz,1
chb02/nonseizure/chb02_16+_34561.npy.gz,0
chb02/nonseizure/chb02_16+_163073.npy.gz,0
chb02/nonseizure/chb02_16+_28673.npy.gz,0
chb02/seizure/chb02_16+_1_5633.npy.gz,1
chb02/nonseizure/chb02_16+_109569.npy.gz,0
chb02/seizure/chb02_16_1_3777.npy.gz,1
chb02/seizure/chb02_16_1_7361.npy.gz,1
chb02/seizure/chb02_16_1_20673.npy.gz,1
chb02/seizure/chb02_16+_1_16641.npy.gz,1
chb02/seizure/chb02_16_1_17665.npy.gz,1
chb02/seizure/chb02_16_1_7745.npy.gz,1
chb02/seizure/chb02_16_1_2369.npy.gz,1
chb02/seizure/chb02_16+_1_15617.npy.gz,1
chb02/nonseizure/chb02_16+_2049.npy.gz,0
chb02/seizure/chb02_16+_1_18945.npy.gz,1
chb02/seizure/chb02_16_1_3329.npy.gz,1
chb02/seizure/chb02_16_1_4993.npy.gz,1
chb02/seizure/chb02_16_1_1345.npy.gz,1
chb02/nonseizure/chb02_16+_143873.npy.gz,0
chb02/nonseizure/chb02_16+_20993.npy.gz,0
chb02/nonseizure/chb02_16+_104449.npy.gz,0
chb02/seizure/chb02_19_1_897.npy.gz,1
chb02/seizure/chb02_16_1_18881.npy.gz,1
chb02/seizure/chb02_16+_1_129.npy.gz,1
chb02/seizure/chb02_16+_1_2625.npy.gz,1
chb02/nonseizure/chb02_16+_99585.npy.gz,0
chb02/seizure/chb02_16+_1_20417.npy.gz,1
chb02/nonseizure/chb02_16+_44033.npy.gz,0
chb02/nonseizure/chb02_16+_26369.npy.gz,0
chb02/nonseizure/chb02_16+_53761.npy.gz,0
chb02/nonseizure/chb02_16+_41473.npy.gz,0
chb02/seizure/chb02_19_1_513.npy.gz,1
chb02/nonseizure/chb02_16+_95745.npy.gz,0
chb02/seizure/chb02_16+_1_12097.npy.gz,1
chb02/nonseizure/chb02_16+_168961.npy.gz,0
chb02/seizure/chb02_16+_1_15361.npy.gz,1
chb02/nonseizure/chb02_16+_94977.npy.gz,0
chb02/seizure/chb02_16+_1_20481.npy.gz,1
chb02/seizure/chb02_16_1_6593.npy.gz,1
chb02/seizure/chb02_16_1_9537.npy.gz,1
chb02/nonseizure/chb02_16+_1025.npy.gz,0
chb02/nonseizure/chb02_16+_27905.npy.gz,0
chb02/nonseizure/chb02_16+_40449.npy.gz,0
chb02/nonseizure/chb02_16+_158465.npy.gz,0
chb02/seizure/chb02_16_1_10945.npy.gz,1
chb02/seizure/chb02_16+_1_9921.npy.gz,1
chb02/nonseizure/chb02_16+_119809.npy.gz,0
chb02/seizure/chb02_16_1_13889.npy.gz,1
chb02/seizure/chb02_16_1_18625.npy.gz,1
chb02/seizure/chb02_16_1_5505.npy.gz,1
chb02/nonseizure/chb02_16+_116737.npy.gz,0
chb02/seizure/chb02_16_1_5121.npy.gz,1
chb02/nonseizure/chb02_16+_151041.npy.gz,0
chb02/nonseizure/chb02_16+_123905.npy.gz,0
chb02/seizure/chb02_19_1_2113.npy.gz,1
chb02/nonseizure/chb02_16+_12801.npy.gz,0
chb02/nonseizure/chb02_16+_85505.npy.gz,0
chb02/nonseizure/chb02_16+_69889.npy.gz,0
chb02/nonseizure/chb02_16+_154113.npy.gz,0
chb02/seizure/chb02_16_1_12737.npy.gz,1
chb02/nonseizure/chb02_16+_3841.npy.gz,0
chb02/seizure/chb02_16_1_7937.npy.gz,1
chb02/nonseizure/chb02_16+_37633.npy.gz,0
chb02/seizure/chb02_16+_1_257.npy.gz,1
chb02/seizure/chb02_16+_1_5441.npy.gz,1
chb02/nonseizure/chb02_16+_36609.npy.gz,0
chb02/seizure/chb02_16+_1_13633.npy.gz,1
chb02/seizure/chb02_16+_1_9217.npy.gz,1
chb02/nonseizure/chb02_16+_140033.npy.gz,0
chb02/seizure/chb02_16+_1_18305.npy.gz,1
chb02/seizure/chb02_16_1_12929.npy.gz,1
chb02/seizure/chb02_16_1_16321.npy.gz,1
chb02/seizure/chb02_16+_1_6017.npy.gz,1
chb02/nonseizure/chb02_16+_48641.npy.gz,0
chb02/seizure/chb02_16_1_4161.npy.gz,1
chb02/seizure/chb02_16_1_897.npy.gz,1
chb02/seizure/chb02_16+_1_10753.npy.gz,1
chb02/seizure/chb02_16_1_12417.npy.gz,1
chb02/seizure/chb02_16_1_18561.npy.gz,1
chb02/nonseizure/chb02_16+_83457.npy.gz,0
chb02/nonseizure/chb02_16+_34049.npy.gz,0
chb02/nonseizure/chb02_16+_20737.npy.gz,0
chb02/nonseizure/chb02_16+_131841.npy.gz,0
chb02/nonseizure/chb02_16+_4865.npy.gz,0
chb02/seizure/chb02_16+_1_3009.npy.gz,1
chb02/seizure/chb02_16+_1_449.npy.gz,1
chb02/nonseizure/chb02_16+_98049.npy.gz,0
chb02/seizure/chb02_16+_1_19137.npy.gz,1
chb02/nonseizure/chb02_16+_108289.npy.gz,0
chb02/seizure/chb02_16_1_513.npy.gz,1
chb02/seizure/chb02_16+_1_5313.npy.gz,1
chb02/seizure/chb02_16+_1_20289.npy.gz,1
chb02/seizure/chb02_16_1_10305.npy.gz,1
chb02/nonseizure/chb02_16+_119041.npy.gz,0
chb02/seizure/chb02_19_1_769.npy.gz,1
chb02/nonseizure/chb02_16+_25601.npy.gz,0
chb02/nonseizure/chb02_16+_75777.npy.gz,0
chb02/seizure/chb02_16_1_4289.npy.gz,1
chb02/nonseizure/chb02_16+_92673.npy.gz,0
chb02/seizure/chb02_16+_1_12225.npy.gz,1
chb02/nonseizure/chb02_16+_171777.npy.gz,0
chb02/nonseizure/chb02_16+_86273.npy.gz,0
chb02/nonseizure/chb02_16+_146689.npy.gz,0
chb02/seizure/chb02_16_1_7425.npy.gz,1
chb02/nonseizure/chb02_16+_155649.npy.gz,0
chb02/seizure/chb02_16+_1_8897.npy.gz,1
chb02/seizure/chb02_16+_1_8833.npy.gz,1
chb02/nonseizure/chb02_16+_51201.npy.gz,0
chb02/nonseizure/chb02_16+_45825.npy.gz,0
chb02/nonseizure/chb02_16+_95233.npy.gz,0
chb02/nonseizure/chb02_16+_76545.npy.gz,0
chb02/seizure/chb02_19_1_1153.npy.gz,1
chb02/seizure/chb02_16+_1_15745.npy.gz,1
chb02/seizure/chb02_16+_1_2177.npy.gz,1
chb02/seizure/chb02_16+_1_6529.npy.gz,1
chb02/seizure/chb02_16_1_12289.npy.gz,1
chb02/seizure/chb02_16_1_14145.npy.gz,1
chb02/seizure/chb02_16_1_15489.npy.gz,1
chb02/nonseizure/chb02_16+_139009.npy.gz,0
chb02/nonseizure/chb02_16+_63233.npy.gz,0
chb02/nonseizure/chb02_16+_23809.npy.gz,0
chb02/nonseizure/chb02_16+_141825.npy.gz,0
chb02/seizure/chb02_16+_1_1217.npy.gz,1
chb02/nonseizure/chb02_16+_96001.npy.gz,0
chb02/seizure/chb02_16_1_13569.npy.gz,1
chb02/nonseizure/chb02_16+_87297.npy.gz,0
chb02/nonseizure/chb02_16+_78593.npy.gz,0
chb02/nonseizure/chb02_16+_25089.npy.gz,0
chb02/seizure/chb02_16_1_3009.npy.gz,1
chb02/nonseizure/chb02_16+_123649.npy.gz,0
chb02/seizure/chb02_16+_1_9665.npy.gz,1
chb02/nonseizure/chb02_16+_4097.npy.gz,0
chb02/seizure/chb02_16+_1_12545.npy.gz,1
chb02/nonseizure/chb02_16+_65537.npy.gz,0
chb02/nonseizure/chb02_16+_151297.npy.gz,0
chb02/nonseizure/chb02_16+_143617.npy.gz,0
chb02/nonseizure/chb02_16+_91905.npy.gz,0
chb02/seizure/chb02_16_1_2753.npy.gz,1
chb02/seizure/chb02_16_1_11393.npy.gz,1
chb02/seizure/chb02_16_1_2177.npy.gz,1
chb02/seizure/chb02_16+_1_20161.npy.gz,1
chb02/seizure/chb02_16+_1_1281.npy.gz,1
chb02/nonseizure/chb02_16+_148737.npy.gz,0
chb02/nonseizure/chb02_16+_123393.npy.gz,0
chb02/seizure/chb02_16_1_2561.npy.gz,1
chb02/seizure/chb02_16_1_16769.npy.gz,1
